[gd_scene load_steps=21 format=3 uid="uid://58kf5k2qri3a"]

[ext_resource type="PackedScene" uid="uid://dkdkdm5lup5vo" path="res://assets/models/entities/eel/exports/eel.glb" id="1_5ojxd"]
[ext_resource type="Script" path="res://src/entities/eel.gd" id="1_ptl88"]
[ext_resource type="Animation" uid="uid://cvaers4mgbf0t" path="res://assets/models/entities/eel/exports/animations/default_pose.res" id="3_3xdkv"]
[ext_resource type="Animation" uid="uid://cjxdnj205akla" path="res://assets/models/entities/eel/exports/animations/idle.res" id="4_aoe01"]
[ext_resource type="Animation" uid="uid://dqspaetcy4bup" path="res://assets/models/entities/eel/exports/animations/idle_2.res" id="5_srakc"]
[ext_resource type="Animation" uid="uid://bom0n20cjmf3x" path="res://assets/models/entities/eel/exports/animations/attack.res" id="6_w7s60"]
[ext_resource type="Animation" uid="uid://bgqwndu22643s" path="res://assets/models/entities/eel/exports/animations/swim.res" id="7_7gnrh"]
[ext_resource type="Animation" uid="uid://bt7cmfvc08cdb" path="res://assets/models/entities/eel/exports/animations/swim_2.res" id="8_ylmeh"]
[ext_resource type="Script" path="res://addons/jigglebones/jigglebone.gd" id="9_bqeud"]
[ext_resource type="PackedScene" uid="uid://chephbrh1afpd" path="res://scenes/entities/eel_ragdoll.tscn" id="10_wyyd6"]
[ext_resource type="AudioStream" uid="uid://dfq1vgr1idfrm" path="res://assets/audio/sfx/zapsplat_nature_water_underwater_slow_swish_movement_003_98699.mp3" id="11_30kgy"]
[ext_resource type="AudioStream" uid="uid://b3km26sbn6ddw" path="res://assets/audio/sfx/zapsplat_animals_dinosaur_large_growl_distant_dull_001_60152.mp3" id="12_28m2v"]
[ext_resource type="AudioStream" uid="uid://dclb0w46mhstu" path="res://assets/audio/sfx/zapsplat_animals_dinosaur_large_growl_distant_dull_002_60065.mp3" id="13_q1ol1"]
[ext_resource type="AudioStream" uid="uid://crpln868s3a8u" path="res://assets/audio/sfx/zapsplat_horror_monster_very_aggressive_loud_scary_roar_scream_growl_001_73763.mp3" id="14_8ga4n"]
[ext_resource type="AudioStream" uid="uid://pwmm1nhjme7h" path="res://assets/audio/sfx/zapsplat_horror_monster_very_aggressive_loud_scary_roar_scream_growl_002_73683.mp3" id="15_xn16o"]
[ext_resource type="AudioStream" uid="uid://cvgk3hdsnnh40" path="res://assets/audio/sfx/Blastwave_FX_CarDrop_BW.60444.mp3" id="16_m8t7f"]

[sub_resource type="AnimationLibrary" id="AnimationLibrary_r7nns"]
_data = {
"attack": ExtResource("6_w7s60"),
"default_pose": ExtResource("3_3xdkv"),
"idle": ExtResource("4_aoe01"),
"idle_2": ExtResource("5_srakc"),
"swim": ExtResource("7_7gnrh"),
"swim_2": ExtResource("8_ylmeh")
}

[sub_resource type="CapsuleShape3D" id="CapsuleShape3D_nhuy5"]
radius = 0.73572
height = 10.6717

[sub_resource type="AudioStreamRandomizer" id="AudioStreamRandomizer_srvgh"]
streams_count = 2
stream_0/stream = ExtResource("12_28m2v")
stream_0/weight = 1.0
stream_1/stream = ExtResource("13_q1ol1")
stream_1/weight = 1.0

[sub_resource type="AudioStreamRandomizer" id="AudioStreamRandomizer_slm4d"]
streams_count = 2
stream_0/stream = ExtResource("14_8ga4n")
stream_0/weight = 1.0
stream_1/stream = ExtResource("15_xn16o")
stream_1/weight = 1.0

[node name="Eel" type="CharacterBody3D" groups=["eels"]]
collision_layer = 133
collision_mask = 133
script = ExtResource("1_ptl88")

[node name="eel_mesh" parent="." instance=ExtResource("1_5ojxd")]

[node name="Skeleton3D" parent="eel_mesh/eel_armaturespine" index="0"]
bones/0/rotation = Quaternion(0.659368, 2.50953e-06, 2.20093e-06, 0.75182)
bones/1/rotation = Quaternion(0.998136, 2.03693e-07, 3.33182e-06, -0.0610232)
bones/1/scale = Vector3(1, 1, 0.999984)
bones/2/scale = Vector3(1, 1, 1)
bones/3/rotation = Quaternion(0.00798904, -5.54616e-16, -6.16506e-21, 0.999968)
bones/3/scale = Vector3(1, 1, 1)
bones/9/rotation = Quaternion(-0.00334697, 1.88446e-22, 3.63588e-21, 0.999994)
bones/10/rotation = Quaternion(-0.000700602, 9.26349e-11, 1.22917e-07, 1)
bones/11/rotation = Quaternion(-0.00188199, 8.94075e-19, 3.17364e-19, 0.999998)
bones/12/rotation = Quaternion(0.703892, 1.23372e-18, -1.56604e-16, 0.710307)
bones/13/rotation = Quaternion(-0.692829, -8.59621e-08, 8.25916e-08, 0.721102)
bones/13/scale = Vector3(1, 1, 1)
bones/14/rotation = Quaternion(0.710833, 3.01255e-19, -1.57097e-16, 0.703361)
bones/15/rotation = Quaternion(-0.698413, 8.53175e-08, -8.32573e-08, 0.715695)
bones/16/rotation = Quaternion(0.707997, 8.41874e-08, 8.43998e-08, 0.706215)
bones/17/rotation = Quaternion(-0.701177, 8.49947e-08, -8.35868e-08, 0.712987)
bones/18/rotation = Quaternion(0.708405, -8.41386e-08, -8.44485e-08, 0.705806)
bones/18/scale = Vector3(1, 1, 1)
bones/19/rotation = Quaternion(-0.697671, 2.58382e-18, 1.54942e-16, 0.716418)
bones/20/rotation = Quaternion(0.709263, -8.40359e-08, -8.45507e-08, 0.704944)
bones/21/rotation = Quaternion(-0.709219, -8.5418e-22, 1.56953e-16, 0.704989)
bones/22/rotation = Quaternion(0.705878, 2.45337e-18, -1.56584e-16, 0.708334)
bones/23/rotation = Quaternion(-0.703465, 8.47257e-08, -8.38595e-08, 0.71073)
bones/24/rotation = Quaternion(0.706378, 4.92815e-18, 2.85624e-18, 0.707834)
bones/25/rotation = Quaternion(-0.707272, 8.4274e-08, -8.43133e-08, 0.706942)
bones/26/rotation = Quaternion(0.723343, 8.23127e-08, 8.62292e-08, 0.690489)
bones/27/rotation = Quaternion(-0.699196, -1.68135e-18, 1.80411e-18, 0.71493)
bones/28/rotation = Quaternion(0.706298, -3.92988e-16, 3.91211e-16, 0.707914)
bones/30/rotation = Quaternion(0.710182, -5.37059e-11, 5.40147e-11, 0.704018)
bones/30/scale = Vector3(1, 1, 1)
bones/31/scale = Vector3(1, 1, 1)
bones/32/scale = Vector3(1, 1, 1)
bones/33/rotation = Quaternion(-1.72327e-06, -0.26687, 0.963733, -4.77136e-07)
bones/33/scale = Vector3(-1, -0.777618, -1)
bones/34/rotation = Quaternion(0.997861, 2.18219e-07, 3.3308e-06, -0.0653733)
bones/34/scale = Vector3(0.337303, 0.337303, 0.337296)
bones/35/scale = Vector3(1, 0.777617, 1)

[node name="eel_teeth_bottom" parent="eel_mesh/eel_armaturespine/Skeleton3D" index="0"]
transform = Transform3D(1, 1.20849e-10, -2.72848e-11, -1.45519e-10, -0.777635, -2.41399e-06, 6.753e-11, 2.71201e-06, 1, -2.13267e-15, 4.88944e-08, 2.76486e-08)

[node name="eel_eyes" parent="eel_mesh/eel_armaturespine/Skeleton3D" index="1"]
transform = Transform3D(0.337303, -2.27374e-12, -5.07043e-11, -5.02496e-11, 8.34465e-07, 0.337304, 1.12266e-11, -0.337303, -1.13621e-06, 2.35366e-14, -4.07454e-10, 1.17987e-07)

[node name="eel_teeth_top" parent="eel_mesh/eel_armaturespine/Skeleton3D" index="2"]
transform = Transform3D(1, -1.18689e-10, 1.50123e-10, -1.47793e-10, 0.777634, -2.5183e-06, -1.10049e-10, -2.60025e-06, 1, 2.35366e-14, -4.07454e-10, 1.17987e-07)

[node name="Jigglebone spine1" type="Node3D" parent="eel_mesh/eel_armaturespine/Skeleton3D" index="5"]
transform = Transform3D(1, 2.98846e-11, 1.7377e-10, -1.73637e-10, -0.00436115, 0.999997, 3.06422e-11, -0.999991, -0.00436118, -0.832215, -1.00173, -8.81834e-05)
top_level = true
script = ExtResource("9_bqeud")
enabled = false
bone_name = "spine"
use_gravity = true

[node name="Jigglebone spine2" type="Node3D" parent="eel_mesh/eel_armaturespine/Skeleton3D" index="6"]
transform = Transform3D(1, 2.97385e-11, -1.31534e-10, 1.30988e-10, 0.0176419, 0.999851, 3.20544e-11, -0.999845, 0.017642, 3.31481e-10, -1.00824, -1.61623)
top_level = true
script = ExtResource("9_bqeud")
enabled = false
bone_name = "spine2"

[node name="Jigglebone spine3" type="Node3D" parent="eel_mesh/eel_armaturespine/Skeleton3D" index="7"]
transform = Transform3D(1, 2.82457e-11, 2.06231e-11, -2.12566e-11, 0.0226177, 0.99975, 2.7772e-11, -0.999745, 0.0226178, -9.82291e-11, -0.992121, -2.53243)
top_level = true
script = ExtResource("9_bqeud")
enabled = false
bone_name = "spine3"

[node name="Jigglebone spine4" type="Node3D" parent="eel_mesh/eel_armaturespine/Skeleton3D" index="8"]
transform = Transform3D(1, 2.88909e-11, -5.63522e-11, 5.48433e-11, 0.0497959, 0.998766, 3.16612e-11, -0.99876, 0.0497962, 2.33211e-10, -0.970409, -3.48132)
top_level = true
script = ExtResource("9_bqeud")
enabled = false
bone_name = "spine4"

[node name="Jigglebone spine5" type="Node3D" parent="eel_mesh/eel_armaturespine/Skeleton3D" index="9"]
transform = Transform3D(1, 2.88784e-11, -1.81327e-11, 1.68022e-11, 0.0454216, 0.998974, 2.96722e-11, -0.998968, 0.0454218, 1.052e-10, -0.92841, -4.32051)
top_level = true
script = ExtResource("9_bqeud")
enabled = false
bone_name = "spine5"

[node name="Jigglebone spine6" type="Node3D" parent="eel_mesh/eel_armaturespine/Skeleton3D" index="10"]
transform = Transform3D(1, 2.89544e-11, -3.69702e-11, 3.57801e-11, 0.0400679, 0.999203, 3.04124e-11, -0.999197, 0.0400682, 2.05981e-10, -0.88983, -5.17094)
top_level = true
script = ExtResource("9_bqeud")
enabled = false
bone_name = "spine6"

[node name="Jigglebone spine7" type="Node3D" parent="eel_mesh/eel_armaturespine/Skeleton3D" index="11"]
transform = Transform3D(1, 2.89758e-11, -2.74879e-11, 2.63118e-11, 0.0398308, 0.999213, 3.00477e-11, -0.999207, 0.039831, 1.93138e-10, -0.854893, -6.04216)
top_level = true
script = ExtResource("9_bqeud")
enabled = false
bone_name = "spine7"

[node name="Jigglebone spine8" type="Node3D" parent="eel_mesh/eel_armaturespine/Skeleton3D" index="12"]
transform = Transform3D(1, -1.17434e-08, -0.000239213, 0.000238979, 0.0441307, 0.999032, 1.05449e-05, -0.999026, 0.044131, 7.10989e-09, -0.817773, -6.97292)
top_level = true
script = ExtResource("9_bqeud")
enabled = false
bone_name = "spine8"

[node name="Jigglebone spine9" type="Node3D" parent="eel_mesh/eel_armaturespine/Skeleton3D" index="13"]
transform = Transform3D(1, 1.38062e-06, -6.81852e-05, 6.80937e-05, 0.0352566, 0.999385, 3.78372e-06, -0.999379, 0.0352568, 2.65831e-07, -0.772268, -8.00244)
top_level = true
script = ExtResource("9_bqeud")
enabled = false
bone_name = "spine9"

[node name="Jigglebone spine10" type="Node3D" parent="eel_mesh/eel_armaturespine/Skeleton3D" index="14"]
transform = Transform3D(1, 8.62962e-07, -0.000102219, 0.000102111, 0.0381656, 0.999278, 4.76355e-06, -0.999272, 0.0381658, 0.000138005, -0.733423, -9.10284)
top_level = true
script = ExtResource("9_bqeud")
enabled = false
bone_name = "spine10"

[node name="Jigglebone spine11" type="Node3D" parent="eel_mesh/eel_armaturespine/Skeleton3D" index="15"]
transform = Transform3D(1, 1.38437e-06, -8.51572e-05, 8.50649e-05, 0.0329461, 0.999463, 4.18919e-06, -0.999457, 0.0329463, 7.08544e-05, -0.693771, -10.1407)
top_level = true
script = ExtResource("9_bqeud")
enabled = false
bone_name = "spine11"

[node name="Jigglebone spine1_up" type="Node3D" parent="eel_mesh/eel_armaturespine/Skeleton3D" index="16"]
transform = Transform3D(1, -0.000213088, 0.000244609, 0.000213086, 1.00001, 3.54732e-06, -0.00024461, -3.49522e-06, 1, 1, -0.0155673, -1.58754)
top_level = true
script = ExtResource("9_bqeud")
bone_name = "spine1_up"
stiffness = 0.1
forward_axis = 0

[node name="Jigglebone spine1_down" type="Node3D" parent="eel_mesh/eel_armaturespine/Skeleton3D" index="17"]
transform = Transform3D(1, 0.000203338, -0.000233277, 0.000203336, -1.00001, -2.8884e-06, -0.000233278, 2.84098e-06, -1, 1, -0.0155673, -1.58754)
top_level = true
script = ExtResource("9_bqeud")
bone_name = "spine1_down"
stiffness = 0.1
forward_axis = 0

[node name="Jigglebone spine2_up" type="Node3D" parent="eel_mesh/eel_armaturespine/Skeleton3D" index="18"]
transform = Transform3D(1, -0.000228953, 0.000260143, 0.000228951, 1.00001, 2.65528e-06, -0.000260144, -2.59574e-06, 1, 1, -0.0134315, -2.52092)
top_level = true
script = ExtResource("9_bqeud")
bone_name = "spine2_up"
stiffness = 0.1
forward_axis = 0

[node name="Jigglebone spine2_down" type="Node3D" parent="eel_mesh/eel_armaturespine/Skeleton3D" index="19"]
transform = Transform3D(1, 0.000228954, -0.000260143, 0.000228951, -1.00001, -2.77449e-06, -0.000260144, 2.71495e-06, -1, 1, -0.0134315, -2.52092)
top_level = true
script = ExtResource("9_bqeud")
bone_name = "spine2_down"
stiffness = 0.1
forward_axis = 0

[node name="Jigglebone spine3_up" type="Node3D" parent="eel_mesh/eel_armaturespine/Skeleton3D" index="20"]
transform = Transform3D(1, -0.000189445, 0.000245392, 0.00020492, 0.997912, -0.0646822, -0.000232624, 0.0646826, 0.997907, 1, 0.00325299, -3.4342)
top_level = true
script = ExtResource("9_bqeud")
bone_name = "spine3_up"
stiffness = 0.1
forward_axis = 0

[node name="Jigglebone spine3_down" type="Node3D" parent="eel_mesh/eel_armaturespine/Skeleton3D" index="21"]
transform = Transform3D(1, 0.000195574, -0.000239529, 0.000205113, -0.999185, 0.0405014, -0.000231412, -0.0405016, -0.99918, 1, 0.00325299, -3.43418)
top_level = true
script = ExtResource("9_bqeud")
bone_name = "spine3_down"
stiffness = 0.1
forward_axis = 0

[node name="Jigglebone spine4_up" type="Node3D" parent="eel_mesh/eel_armaturespine/Skeleton3D" index="22"]
transform = Transform3D(1, -0.000152095, 0.000195042, 0.000160881, 0.998953, -0.0458721, -0.00018786, 0.0458724, 0.998948, 1, 0.0442725, -4.28895)
top_level = true
script = ExtResource("9_bqeud")
bone_name = "spine4_up"
stiffness = 0.1
forward_axis = 0

[node name="Jigglebone spine4_down" type="Node3D" parent="eel_mesh/eel_armaturespine/Skeleton3D" index="23"]
transform = Transform3D(1, 0.000185878, -0.000235712, 0.000196854, -0.998879, 0.0474628, -0.000226624, -0.0474631, -0.998874, 1, 0.0442725, -4.28895)
top_level = true
script = ExtResource("9_bqeud")
bone_name = "spine4_down"
stiffness = 0.1
forward_axis = 0

[node name="Jigglebone spine5_up" type="Node3D" parent="eel_mesh/eel_armaturespine/Skeleton3D" index="24"]
transform = Transform3D(1, -0.000150619, 0.000195918, 0.000160915, 0.998565, -0.0536666, -0.000187552, 0.0536669, 0.998559, 1, 0.0923199, -5.12844)
top_level = true
script = ExtResource("9_bqeud")
bone_name = "spine5_up"
stiffness = 0.1
forward_axis = 0

[node name="Jigglebone spine5_down" type="Node3D" parent="eel_mesh/eel_armaturespine/Skeleton3D" index="25"]
transform = Transform3D(1, 0.00017622, -0.000234974, 0.000191653, -0.997733, 0.0673888, -0.000222565, -0.0673892, -0.997728, 1, 0.0923199, -5.12844)
top_level = true
script = ExtResource("9_bqeud")
bone_name = "spine5_down"
stiffness = 0.1
forward_axis = 0

[node name="Jigglebone spine6_up" type="Node3D" parent="eel_mesh/eel_armaturespine/Skeleton3D" index="26"]
transform = Transform3D(1, -0.000188471, 0.000245435, 0.000201848, 0.998453, -0.055703, -0.000234555, 0.0557033, 0.998448, 1, 0.135563, -5.99904)
top_level = true
script = ExtResource("9_bqeud")
bone_name = "spine6_up"
stiffness = 0.1
forward_axis = 0

[node name="Jigglebone spine6_down" type="Node3D" parent="eel_mesh/eel_armaturespine/Skeleton3D" index="27"]
transform = Transform3D(1, 0.000194718, -0.000247567, 0.000205332, -0.999054, 0.0436279, -0.000238836, -0.0436282, -0.999048, 1, 0.135563, -5.99904)
top_level = true
script = ExtResource("9_bqeud")
bone_name = "spine6_down"
stiffness = 0.1
forward_axis = 0

[node name="Jigglebone spine7_up" type="Node3D" parent="eel_mesh/eel_armaturespine/Skeleton3D" index="28"]
transform = Transform3D(1, -0.000192634, 0.000239886, 0.000204471, 0.998737, -0.0503662, -0.000229879, 0.0503665, 0.998731, 1, 0.178991, -6.92793)
top_level = true
script = ExtResource("9_bqeud")
bone_name = "spine7_up"
stiffness = 0.1
forward_axis = 0

[node name="Jigglebone spine7_down" type="Node3D" parent="eel_mesh/eel_armaturespine/Skeleton3D" index="29"]
transform = Transform3D(1, 0.00017383, -0.00022689, 0.000189963, -0.997326, 0.0731594, -0.000213564, -0.0731598, -0.997321, 1, 0.178991, -6.92793)
top_level = true
script = ExtResource("9_bqeud")
bone_name = "spine7_down"
stiffness = 0.1
forward_axis = 0

[node name="Jigglebone spine8_up" type="Node3D" parent="eel_mesh/eel_armaturespine/Skeleton3D" index="30"]
transform = Transform3D(1, -0.000183888, 0.000230696, 0.000195911, 0.998587, -0.0532554, -0.000220576, 0.0532557, 0.998582, 1, 0.231843, -7.9681)
top_level = true
script = ExtResource("9_bqeud")
bone_name = "spine8_up"
stiffness = 0.1
forward_axis = 0

[node name="Jigglebone spine8_down" type="Node3D" parent="eel_mesh/eel_armaturespine/Skeleton3D" index="31"]
transform = Transform3D(1, 0.000175063, -0.000225595, 0.000189872, -0.997731, 0.0674113, -0.00021328, -0.0674116, -0.997726, 1, 0.231844, -7.9681)
top_level = true
script = ExtResource("9_bqeud")
bone_name = "spine8_down"
stiffness = 0.1
forward_axis = 0

[node name="Jigglebone spine9_up" type="Node3D" parent="eel_mesh/eel_armaturespine/Skeleton3D" index="32"]
transform = Transform3D(1, -0.000169331, 0.000221647, 0.000181181, 0.998514, -0.0546064, -0.00021207, 0.0546067, 0.998508, 1, 0.279941, -9.05873)
top_level = true
script = ExtResource("9_bqeud")
bone_name = "spine9_up"
stiffness = 0.1
forward_axis = 0

[node name="Jigglebone spine9_down" type="Node3D" parent="eel_mesh/eel_armaturespine/Skeleton3D" index="33"]
transform = Transform3D(1, 0.000161794, -0.000217127, 0.000176276, -0.99766, 0.0684538, -0.000205542, -0.0684542, -0.997655, 1, 0.279941, -9.05873)
top_level = true
script = ExtResource("9_bqeud")
bone_name = "spine9_down"
stiffness = 0.1
forward_axis = 0

[node name="Jigglebone spine10_up" type="Node3D" parent="eel_mesh/eel_armaturespine/Skeleton3D" index="34"]
transform = Transform3D(1, -0.000183031, 0.000229621, 0.000190639, 0.999442, -0.0335867, -0.000223344, 0.033587, 0.999436, 1, 0.324717, -10.1074)
top_level = true
script = ExtResource("9_bqeud")
bone_name = "spine10_up"
stiffness = 0.1
forward_axis = 0

[node name="Jigglebone spine10_down" type="Node3D" parent="eel_mesh/eel_armaturespine/Skeleton3D" index="35"]
transform = Transform3D(1, 0.000185438, -0.000257283, 0.000206045, -0.996592, 0.0825577, -0.000241095, -0.0825581, -0.996587, 1, 0.324717, -10.1074)
top_level = true
script = ExtResource("9_bqeud")
bone_name = "spine10_down"
stiffness = 0.1
forward_axis = 0

[node name="AnimationPlayer" parent="eel_mesh" index="1"]
libraries = {
"": SubResource("AnimationLibrary_r7nns")
}
autoplay = "default_pose"
blend_times = [&"idle", &"idle", 1.0, &"idle", &"default_pose", 1.0, &"idle", &"idle_2", 1.0, &"idle", &"swim", 1.0, &"idle", &"attack", 1.0, &"idle", &"swim_2", 1.0, &"default_pose", &"idle", 1.0, &"default_pose", &"default_pose", 1.0, &"default_pose", &"idle_2", 1.0, &"default_pose", &"swim", 1.0, &"default_pose", &"attack", 1.0, &"default_pose", &"swim_2", 1.0, &"idle_2", &"idle", 1.0, &"idle_2", &"default_pose", 1.0, &"idle_2", &"idle_2", 1.0, &"idle_2", &"swim", 1.0, &"idle_2", &"attack", 1.0, &"idle_2", &"swim_2", 1.0, &"swim", &"idle", 1.0, &"swim", &"default_pose", 1.0, &"swim", &"idle_2", 1.0, &"swim", &"swim", 0.75, &"swim", &"attack", 1.0, &"swim", &"swim_2", 0.75, &"attack", &"idle", 1.0, &"attack", &"default_pose", 1.0, &"attack", &"idle_2", 1.0, &"attack", &"swim", 1.0, &"attack", &"attack", 1.0, &"attack", &"swim_2", 1.0, &"swim_2", &"idle", 1.0, &"swim_2", &"default_pose", 1.0, &"swim_2", &"idle_2", 1.0, &"swim_2", &"swim", 0.75, &"swim_2", &"attack", 1.0, &"swim_2", &"swim_2", 0.75]

[node name="eel_ragdoll" parent="." instance=ExtResource("10_wyyd6")]
visible = false

[node name="Skeleton3D" parent="eel_ragdoll/eel_armaturespine" index="0" node_paths=PackedStringArray("target_skeleton")]
target_skeleton = NodePath("../../../eel_mesh/eel_armaturespine/Skeleton3D")

[node name="eel_teeth_bottom" parent="eel_ragdoll/eel_armaturespine/Skeleton3D" index="0"]
transform = Transform3D(1, 1.03796e-10, -1.81899e-11, -1.31877e-10, -0.777633, -1.99676e-06, 5.41149e-11, 2.5332e-06, 1, 1.19669e-14, 4.69154e-08, 2.71539e-08)

[node name="eel_eyes" parent="eel_ragdoll/eel_armaturespine/Skeleton3D" index="1"]
transform = Transform3D(0.337303, -1.47793e-12, -4.45652e-11, -4.41105e-11, 7.22706e-07, 0.337303, 1.04308e-11, -0.337303, -1.02445e-06, 3.86356e-14, -2.61934e-09, 1.17914e-07)

[node name="eel_teeth_top" parent="eel_ragdoll/eel_armaturespine/Skeleton3D" index="2"]
transform = Transform3D(1, -1.07775e-10, 1.45519e-10, -1.2551e-10, 0.777632, -2.5928e-06, -1.09765e-10, -2.00421e-06, 1, 3.86356e-14, -2.61934e-09, 1.17914e-07)

[node name="Physical Bone head" parent="eel_ragdoll/eel_armaturespine/Skeleton3D" index="5"]
transform = Transform3D(1, -1.19962e-07, 5.67138e-06, 6.61888e-06, 0.130467, -0.991474, -8.70989e-07, 0.991454, 0.130469, 3.45402e-10, -0.000632964, -0.000136375)
collision_layer = 36
collision_mask = 20
joint_offset = Transform3D(1, 0, 0, 0, 1, 0, 0, 0, 1, -3.45329e-10, -1.07655e-07, -1.50757e-08)
body_offset = Transform3D(1, -1.19968e-07, -1.00464e-06, 3.29692e-12, 1, -8.79169e-07, -6.02185e-11, 8.79169e-07, 1, 3.45301e-10, 1.07655e-07, 1.50758e-08)

[node name="Physical Bone jaw" parent="eel_ragdoll/eel_armaturespine/Skeleton3D" index="6"]
transform = Transform3D(1, -2.49356e-07, 3.57584e-06, 1.83934e-06, -0.857579, -0.514391, 3.06692e-06, 0.514385, -0.857559, -2.13415e-13, -0.000632933, -0.000136375)
collision_layer = 36
collision_mask = 20
joint_offset = Transform3D(-3.61999e-06, 9.17734e-12, 1, 2.53518e-06, 1, -3.46945e-18, 1, -2.53518e-06, 3.61999e-06, 2.45135e-14, 3.92902e-09, -6.54836e-09)
joint_rotation = Vector3(-3.46945e-18, -1.5708, -3.14159)
body_offset = Transform3D(1, -2.49346e-07, -4.46562e-10, -3.63798e-12, 1, 2.98023e-08, 9.09495e-13, -2.98023e-08, 1, -2.35367e-14, -3.92902e-09, 6.54836e-09)

[node name="Physical Bone spine" parent="eel_ragdoll/eel_armaturespine/Skeleton3D" index="7"]
transform = Transform3D(0.999611, -2.52725e-07, -0.0238281, 0.000207035, 0.999024, 0.00867811, 0.0238268, -0.0086765, 0.998761, 0.0187884, -0.00861829, -0.778036)
collision_layer = 36
collision_mask = 20
joint_offset = Transform3D(1, 0, 0, 0, 1, 0, 0, 0, 1, -0.000228312, 0.000127011, 0.77892)
body_offset = Transform3D(0.999611, -2.52797e-07, -0.0238281, -0.0238277, -3.56408e-05, -0.998798, -6.35031e-07, 0.999058, -2.6904e-05, 0.0187884, 0.777978, -0.000105935)

[node name="CollisionShape3D" parent="eel_ragdoll/eel_armaturespine/Skeleton3D/Physical Bone spine" index="0"]
disabled = true

[node name="Physical Bone spine2" parent="eel_ragdoll/eel_armaturespine/Skeleton3D" index="8"]
transform = Transform3D(0.999995, 3.27917e-07, 6.76235e-10, 3.35273e-08, 0.0022602, 1, -1.31626e-07, -0.989583, 0.00228309, -3.31113e-12, -0.0155678, -1.58754)
collision_layer = 36
collision_mask = 20
joint_offset = Transform3D(1, 0, 0, 0, 1, 0, 0, 0, 1, 8.678e-16, -1.15524e-22, -2.89936e-23)
body_offset = Transform3D(0.999995, 3.2792e-07, 7.567e-10, 1.31736e-07, 0.989586, 5.12227e-09, 3.341e-08, -3.96487e-06, 1, -8.67795e-16, 0, 0)

[node name="CollisionShape3D" parent="eel_ragdoll/eel_armaturespine/Skeleton3D/Physical Bone spine2" index="0"]
disabled = true

[node name="Physical Bone spine3" parent="eel_ragdoll/eel_armaturespine/Skeleton3D" index="9"]
transform = Transform3D(1, -2.97849e-08, 6.47041e-09, 7.36132e-07, 0.0182681, 1.00057, -7.02919e-07, -1.00035, 0.0182596, 1.23492e-11, -0.0134323, -2.52091)
collision_layer = 36
collision_mask = 20
joint_offset = Transform3D(1, 0, 0, 0, 1, 0, 0, 0, 1, -1.81379e-11, -2.38295e-07, 7.44354e-09)
body_offset = Transform3D(1, -2.9781e-08, 6.55088e-09, 7.1628e-07, 1.00052, 1.40704e-05, 7.23351e-07, -6.72787e-06, 1.00073, 1.81308e-11, 2.38419e-07, -7.45058e-09)

[node name="Physical Bone spine4" parent="eel_ragdoll/eel_armaturespine/Skeleton3D" index="10"]
transform = Transform3D(1, -4.94538e-12, -7.94756e-11, -1.83988e-10, 0.047934, 0.998828, 3.20276e-11, -0.998834, 0.047928, -9.37916e-12, 0.00325182, -3.43419)
collision_layer = 36
collision_mask = 20
joint_offset = Transform3D(1, 0, 0, 0, 1, 0, 0, 0, 1, 5.0758e-15, -4.71304e-27, -7.2804e-28)
body_offset = Transform3D(1, 1.37265e-12, 7.83566e-13, 9.28514e-13, 0.999983, 2.16067e-07, 1.4343e-13, 3.241e-07, 0.999974, -5.0758e-15, 0, 0)

[node name="CollisionShape3D" parent="eel_ragdoll/eel_armaturespine/Skeleton3D/Physical Bone spine4" index="0"]
disabled = true

[node name="Physical Bone spine5" parent="eel_ragdoll/eel_armaturespine/Skeleton3D" index="11"]
transform = Transform3D(1, -1.70372e-11, -6.56574e-11, -1.8417e-10, 0.0571376, 0.998343, 3.29474e-11, -0.99834, 0.0571325, -1.47793e-11, 0.0442707, -4.28893)
collision_layer = 36
collision_mask = 20
joint_offset = Transform3D(1, 0, 0, 0, 1, 0, 0, 0, 1, -1.38257e-15, 1.47264e-30, 8.30343e-30)
body_offset = Transform3D(1, -9.97977e-12, 1.45401e-11, 1.06512e-15, 0.999974, 1.14366e-06, 6.00561e-15, -1.10641e-06, 0.999974, 1.38257e-15, 0, 0)

[node name="Physical Bone spine6" parent="eel_ragdoll/eel_armaturespine/Skeleton3D" index="12"]
transform = Transform3D(1, 8.09927e-12, -8.19256e-11, -1.84154e-10, 0.0496088, 0.998759, 3.27915e-11, -0.998766, 0.0496049, -2.07194e-11, 0.092318, -5.12843)
collision_layer = 36
collision_mask = 20
joint_offset = Transform3D(1, 0, 0, 0, 1, 0, 0, 0, 1, 4.16854e-15, -6.56341e-28, -5.71468e-29)
body_offset = Transform3D(1, 1.45519e-11, -1.67609e-12, 1.5745e-13, 0.999997, -1.51619e-06, 1.37089e-14, -1.41561e-07, 0.999987, -4.16854e-15, 0, 0)

[node name="CollisionShape3D" parent="eel_ragdoll/eel_armaturespine/Skeleton3D/Physical Bone spine6" index="0"]
disabled = true

[node name="Physical Bone spine7" parent="eel_ragdoll/eel_armaturespine/Skeleton3D" index="13"]
transform = Transform3D(1, -2.7569e-12, -8.01514e-11, -1.84767e-10, 0.0467005, 0.998913, 3.75816e-11, -0.998909, 0.0466958, -2.63753e-11, 0.135561, -5.99902)
collision_layer = 36
collision_mask = 20
joint_offset = Transform3D(1, 0, 0, 0, 1, 0, 0, 0, 1, 3.55029e-14, 1.65301e-25, 1.32781e-26)
body_offset = Transform3D(1, 3.46205e-12, 1.17546e-13, -4.656e-12, 1, -2.83122e-07, -3.74001e-13, 0, 1, -3.55029e-14, 0, 0)

[node name="Physical Bone spine8" parent="eel_ragdoll/eel_armaturespine/Skeleton3D" index="14"]
transform = Transform3D(1, -9.56521e-12, -5.1874e-11, -1.84209e-10, 0.0507442, 0.998715, 3.29475e-11, -0.998712, 0.0507392, -3.21165e-11, 0.178988, -6.92791)
collision_layer = 36
collision_mask = 20
joint_offset = Transform3D(1, 0, 0, 0, 1, 0, 0, 0, 1, -6.33521e-15, -6.83568e-30, -2.1053e-28)
body_offset = Transform3D(1, -3.02134e-12, 2.83692e-11, -1.079e-15, 1, 0, -3.32317e-14, 0, 1, 6.33521e-15, 0, 0)

[node name="CollisionShape3D" parent="eel_ragdoll/eel_armaturespine/Skeleton3D/Physical Bone spine8" index="0"]
disabled = true

[node name="Physical Bone spine9" parent="eel_ragdoll/eel_armaturespine/Skeleton3D" index="15"]
transform = Transform3D(1, -1.85309e-11, -9.5677e-11, -1.84175e-10, 0.0440528, 0.998991, 3.29479e-11, -0.998926, 0.044051, -3.89377e-11, 0.23184, -7.96811)
collision_layer = 36
collision_mask = 20
joint_offset = Transform3D(1, 0, 0, 0, 1, 0, 0, 0, 1, -8.29198e-16, 2.44558e-31, 7.26977e-31)
body_offset = Transform3D(1, -1.2525e-11, -1.53953e-11, 2.94903e-16, 0.999897, -8.9407e-08, 8.76686e-16, -4.91738e-07, 0.999958, 8.29198e-16, 0, 0)

[node name="Physical Bone spine10" parent="eel_ragdoll/eel_armaturespine/Skeleton3D" index="16"]
transform = Transform3D(1, -2.45981e-07, 1.86317e-09, 1.0289e-08, 0.042658, 0.999093, -2.45552e-07, -0.99912, 0.0426529, -4.52686e-11, 0.279938, -9.05876)
collision_layer = 36
collision_mask = 20
joint_offset = Transform3D(1, 0, 0, 0, 1, 0, 0, 0, 1, -2.27374e-13, -5.8741e-24, 1.21566e-25)
body_offset = Transform3D(1, -1.34065e-10, 1.93043e-09, -2.58353e-11, 1.00003, 0, 5.34683e-13, -1.19954e-06, 1, 2.27374e-13, 0, 0)

[node name="CollisionShape3D" parent="eel_ragdoll/eel_armaturespine/Skeleton3D/Physical Bone spine10" index="0"]
disabled = true

[node name="Physical Bone spine11" parent="eel_ragdoll/eel_armaturespine/Skeleton3D" index="17"]
transform = Transform3D(1, -2.46016e-07, -9.70786e-10, 1.02894e-08, 0.038897, 0.999247, -2.45559e-07, -0.999274, 0.038892, -2.58077e-07, 0.324711, -10.1074)
collision_layer = 36
collision_mask = 20
joint_offset = Transform3D(1, 0, 0, 0, 1, 0, 0, 0, 1, 2.27374e-13, 4.28441e-24, -1.35098e-25)
body_offset = Transform3D(1, -1.70218e-10, 2.18039e-11, -1.88436e-11, 1.00003, 0, 5.94191e-13, -1.19954e-06, 1, -2.27374e-13, 0, 0)

[node name="CollisionShape3D" parent="eel_ragdoll/eel_armaturespine/Skeleton3D/Physical Bone spine11" index="0"]
disabled = true

[node name="Nav_RayCast3D" type="RayCast3D" parent="."]

[node name="Timer" type="Timer" parent="."]
wait_time = 5.0

[node name="NavCasts" type="Node3D" parent="."]
visible = false

[node name="x" type="Node3D" parent="NavCasts"]

[node name="RayCast3D" type="RayCast3D" parent="NavCasts/x"]
target_position = Vector3(0, -5, 0)
collision_mask = 4

[node name="RayCast3D2" type="RayCast3D" parent="NavCasts/x"]
transform = Transform3D(1, 0, 0, 0, 0.965926, -0.258819, 0, 0.258819, 0.965926, 0, 0, 0)
target_position = Vector3(0, -5, 0)
collision_mask = 4

[node name="RayCast3D3" type="RayCast3D" parent="NavCasts/x"]
transform = Transform3D(1, 0, 0, 0, 0.866025, -0.5, 0, 0.5, 0.866025, 0, 0, 0)
target_position = Vector3(0, -5, 0)
collision_mask = 4

[node name="RayCast3D4" type="RayCast3D" parent="NavCasts/x"]
transform = Transform3D(1, 0, 0, 0, 0.707107, -0.707107, 0, 0.707107, 0.707107, 0, 0, 0)
target_position = Vector3(0, -5, 0)
collision_mask = 4

[node name="RayCast3D5" type="RayCast3D" parent="NavCasts/x"]
transform = Transform3D(1, 0, 0, 0, 0.5, -0.866025, 0, 0.866025, 0.5, 0, 0, 0)
target_position = Vector3(0, -5, 0)
collision_mask = 4

[node name="RayCast3D6" type="RayCast3D" parent="NavCasts/x"]
transform = Transform3D(1, 0, 0, 0, 0.258819, -0.965926, 0, 0.965926, 0.258819, 0, 0, 0)
target_position = Vector3(0, -5, 0)
collision_mask = 4

[node name="RayCast3D7" type="RayCast3D" parent="NavCasts/x"]
transform = Transform3D(1, 0, 0, 0, 1.49012e-08, -1, 0, 1, 1.49012e-08, 0, 0, 0)
target_position = Vector3(0, -5, 0)
collision_mask = 4

[node name="RayCast3D8" type="RayCast3D" parent="NavCasts/x"]
transform = Transform3D(1, 0, 0, 0, -0.258819, -0.965926, 0, 0.965926, -0.258819, 0, 0, 0)
target_position = Vector3(0, -5, 0)
collision_mask = 4

[node name="RayCast3D9" type="RayCast3D" parent="NavCasts/x"]
transform = Transform3D(1, 0, 0, 0, -0.5, -0.866025, 0, 0.866025, -0.5, 0, 0, 0)
target_position = Vector3(0, -5, 0)
collision_mask = 4

[node name="RayCast3D10" type="RayCast3D" parent="NavCasts/x"]
transform = Transform3D(1, 0, 0, 0, -0.707107, -0.707107, 0, 0.707107, -0.707107, 0, 0, 0)
target_position = Vector3(0, -5, 0)
collision_mask = 4

[node name="RayCast3D11" type="RayCast3D" parent="NavCasts/x"]
transform = Transform3D(1, 0, 0, 0, -0.866025, -0.5, 0, 0.5, -0.866025, 0, 0, 0)
target_position = Vector3(0, -5, 0)
collision_mask = 4

[node name="RayCast3D12" type="RayCast3D" parent="NavCasts/x"]
transform = Transform3D(1, 0, 0, 0, -0.965925, -0.258819, 0, 0.258819, -0.965925, 0, 0, 0)
target_position = Vector3(0, -5, 0)
collision_mask = 4

[node name="RayCast3D13" type="RayCast3D" parent="NavCasts/x"]
transform = Transform3D(1, 0, 0, 0, -1, 7.45058e-08, 0, -7.45058e-08, -1, 0, 0, 0)
target_position = Vector3(0, -5, 0)
collision_mask = 4

[node name="RayCast3D14" type="RayCast3D" parent="NavCasts/x"]
transform = Transform3D(1, 0, 0, 0, -0.965925, 0.258819, 0, -0.258819, -0.965925, 0, 0, 0)
target_position = Vector3(0, -5, 0)
collision_mask = 4

[node name="RayCast3D15" type="RayCast3D" parent="NavCasts/x"]
transform = Transform3D(1, 0, 0, 0, -0.866025, 0.5, 0, -0.5, -0.866025, 0, 0, 0)
target_position = Vector3(0, -5, 0)
collision_mask = 4

[node name="RayCast3D16" type="RayCast3D" parent="NavCasts/x"]
transform = Transform3D(1, 0, 0, 0, -0.707106, 0.707106, 0, -0.707106, -0.707106, 0, 0, 0)
target_position = Vector3(0, -5, 0)
collision_mask = 4

[node name="RayCast3D17" type="RayCast3D" parent="NavCasts/x"]
transform = Transform3D(1, 0, 0, 0, -0.5, 0.866025, 0, -0.866025, -0.5, 0, 0, 0)
target_position = Vector3(0, -5, 0)
collision_mask = 4

[node name="RayCast3D18" type="RayCast3D" parent="NavCasts/x"]
transform = Transform3D(1, 0, 0, 0, -0.258819, 0.965925, 0, -0.965925, -0.258819, 0, 0, 0)
target_position = Vector3(0, -5, 0)
collision_mask = 4

[node name="RayCast3D19" type="RayCast3D" parent="NavCasts/x"]
transform = Transform3D(1, 0, 0, 0, 4.47035e-08, 0.999999, 0, -0.999999, 4.47035e-08, 0, 0, 0)
target_position = Vector3(0, -5, 0)
collision_mask = 4

[node name="RayCast3D20" type="RayCast3D" parent="NavCasts/x"]
transform = Transform3D(1, 0, 0, 0, 0.258819, 0.965925, 0, -0.965925, 0.258819, 0, 0, 0)
target_position = Vector3(0, -5, 0)
collision_mask = 4

[node name="RayCast3D21" type="RayCast3D" parent="NavCasts/x"]
transform = Transform3D(1, 0, 0, 0, 0.5, 0.866025, 0, -0.866025, 0.5, 0, 0, 0)
target_position = Vector3(0, -5, 0)
collision_mask = 4

[node name="RayCast3D22" type="RayCast3D" parent="NavCasts/x"]
transform = Transform3D(1, 0, 0, 0, 0.707106, 0.707106, 0, -0.707106, 0.707106, 0, 0, 0)
target_position = Vector3(0, -5, 0)
collision_mask = 4

[node name="RayCast3D23" type="RayCast3D" parent="NavCasts/x"]
transform = Transform3D(1, 0, 0, 0, 0.866025, 0.5, 0, -0.5, 0.866025, 0, 0, 0)
target_position = Vector3(0, -5, 0)
collision_mask = 4

[node name="RayCast3D24" type="RayCast3D" parent="NavCasts/x"]
transform = Transform3D(1, 0, 0, 0, 0.965925, 0.258819, 0, -0.258819, 0.965925, 0, 0, 0)
target_position = Vector3(0, -5, 0)
collision_mask = 4

[node name="z" type="Node3D" parent="NavCasts"]
transform = Transform3D(-4.37114e-08, 0, 1, 0, 1, 0, -1, 0, -4.37114e-08, 0, 0, 0)

[node name="RayCast3D2" type="RayCast3D" parent="NavCasts/z"]
transform = Transform3D(1, 0, 0, 0, 0.965926, -0.258819, 0, 0.258819, 0.965926, 0, 0, 0)
target_position = Vector3(0, -5, 0)
collision_mask = 4

[node name="RayCast3D3" type="RayCast3D" parent="NavCasts/z"]
transform = Transform3D(1, 0, 0, 0, 0.866025, -0.5, 0, 0.5, 0.866025, 0, 0, 0)
target_position = Vector3(0, -5, 0)
collision_mask = 4

[node name="RayCast3D4" type="RayCast3D" parent="NavCasts/z"]
transform = Transform3D(1, 0, 0, 0, 0.707107, -0.707107, 0, 0.707107, 0.707107, 0, 0, 0)
target_position = Vector3(0, -5, 0)
collision_mask = 4

[node name="RayCast3D5" type="RayCast3D" parent="NavCasts/z"]
transform = Transform3D(1, 0, 0, 0, 0.5, -0.866025, 0, 0.866025, 0.5, 0, 0, 0)
target_position = Vector3(0, -5, 0)
collision_mask = 4

[node name="RayCast3D6" type="RayCast3D" parent="NavCasts/z"]
transform = Transform3D(1, 0, 0, 0, 0.258819, -0.965926, 0, 0.965926, 0.258819, 0, 0, 0)
target_position = Vector3(0, -5, 0)
collision_mask = 4

[node name="RayCast3D7" type="RayCast3D" parent="NavCasts/z"]
transform = Transform3D(1, 0, 0, 0, 1.49012e-08, -1, 0, 1, 1.49012e-08, 0, 0, 0)
target_position = Vector3(0, -5, 0)
collision_mask = 4

[node name="RayCast3D8" type="RayCast3D" parent="NavCasts/z"]
transform = Transform3D(1, 0, 0, 0, -0.258819, -0.965926, 0, 0.965926, -0.258819, 0, 0, 0)
target_position = Vector3(0, -5, 0)
collision_mask = 4

[node name="RayCast3D9" type="RayCast3D" parent="NavCasts/z"]
transform = Transform3D(1, 0, 0, 0, -0.5, -0.866025, 0, 0.866025, -0.5, 0, 0, 0)
target_position = Vector3(0, -5, 0)
collision_mask = 4

[node name="RayCast3D10" type="RayCast3D" parent="NavCasts/z"]
transform = Transform3D(1, 0, 0, 0, -0.707107, -0.707107, 0, 0.707107, -0.707107, 0, 0, 0)
target_position = Vector3(0, -5, 0)
collision_mask = 4

[node name="RayCast3D11" type="RayCast3D" parent="NavCasts/z"]
transform = Transform3D(1, 0, 0, 0, -0.866025, -0.5, 0, 0.5, -0.866025, 0, 0, 0)
target_position = Vector3(0, -5, 0)
collision_mask = 4

[node name="RayCast3D12" type="RayCast3D" parent="NavCasts/z"]
transform = Transform3D(1, 0, 0, 0, -0.965925, -0.258819, 0, 0.258819, -0.965925, 0, 0, 0)
target_position = Vector3(0, -5, 0)
collision_mask = 4

[node name="RayCast3D14" type="RayCast3D" parent="NavCasts/z"]
transform = Transform3D(1, 0, 0, 0, -0.965925, 0.258819, 0, -0.258819, -0.965925, 0, 0, 0)
target_position = Vector3(0, -5, 0)
collision_mask = 4

[node name="RayCast3D15" type="RayCast3D" parent="NavCasts/z"]
transform = Transform3D(1, 0, 0, 0, -0.866025, 0.5, 0, -0.5, -0.866025, 0, 0, 0)
target_position = Vector3(0, -5, 0)
collision_mask = 4

[node name="RayCast3D16" type="RayCast3D" parent="NavCasts/z"]
transform = Transform3D(1, 0, 0, 0, -0.707106, 0.707106, 0, -0.707106, -0.707106, 0, 0, 0)
target_position = Vector3(0, -5, 0)
collision_mask = 4

[node name="RayCast3D17" type="RayCast3D" parent="NavCasts/z"]
transform = Transform3D(1, 0, 0, 0, -0.5, 0.866025, 0, -0.866025, -0.5, 0, 0, 0)
target_position = Vector3(0, -5, 0)
collision_mask = 4

[node name="RayCast3D18" type="RayCast3D" parent="NavCasts/z"]
transform = Transform3D(1, 0, 0, 0, -0.258819, 0.965925, 0, -0.965925, -0.258819, 0, 0, 0)
target_position = Vector3(0, -5, 0)
collision_mask = 4

[node name="RayCast3D19" type="RayCast3D" parent="NavCasts/z"]
transform = Transform3D(1, 0, 0, 0, 4.47035e-08, 0.999999, 0, -0.999999, 4.47035e-08, 0, 0, 0)
target_position = Vector3(0, -5, 0)
collision_mask = 4

[node name="RayCast3D20" type="RayCast3D" parent="NavCasts/z"]
transform = Transform3D(1, 0, 0, 0, 0.258819, 0.965925, 0, -0.965925, 0.258819, 0, 0, 0)
target_position = Vector3(0, -5, 0)
collision_mask = 4

[node name="RayCast3D21" type="RayCast3D" parent="NavCasts/z"]
transform = Transform3D(1, 0, 0, 0, 0.5, 0.866025, 0, -0.866025, 0.5, 0, 0, 0)
target_position = Vector3(0, -5, 0)
collision_mask = 4

[node name="RayCast3D22" type="RayCast3D" parent="NavCasts/z"]
transform = Transform3D(1, 0, 0, 0, 0.707106, 0.707106, 0, -0.707106, 0.707106, 0, 0, 0)
target_position = Vector3(0, -5, 0)
collision_mask = 4

[node name="RayCast3D23" type="RayCast3D" parent="NavCasts/z"]
transform = Transform3D(1, 0, 0, 0, 0.866025, 0.5, 0, -0.5, 0.866025, 0, 0, 0)
target_position = Vector3(0, -5, 0)
collision_mask = 4

[node name="RayCast3D24" type="RayCast3D" parent="NavCasts/z"]
transform = Transform3D(1, 0, 0, 0, 0.965925, 0.258819, 0, -0.258819, 0.965925, 1, 3, -1)
target_position = Vector3(0, -5, 0)
collision_mask = 4

[node name="z2" type="Node3D" parent="NavCasts"]
transform = Transform3D(-0.258819, 0, 0.965926, 0, 1, 0, -0.965926, 0, -0.258819, 0, 0, 0)

[node name="RayCast3D2" type="RayCast3D" parent="NavCasts/z2"]
transform = Transform3D(1, 0, 0, 0, 0.965926, -0.258819, 0, 0.258819, 0.965926, 0, 0, 0)
target_position = Vector3(0, -5, 0)
collision_mask = 4

[node name="RayCast3D3" type="RayCast3D" parent="NavCasts/z2"]
transform = Transform3D(1, 0, 0, 0, 0.866025, -0.5, 0, 0.5, 0.866025, 0, 0, 0)
target_position = Vector3(0, -5, 0)
collision_mask = 4

[node name="RayCast3D4" type="RayCast3D" parent="NavCasts/z2"]
transform = Transform3D(1, 0, 0, 0, 0.707107, -0.707107, 0, 0.707107, 0.707107, 0, 0, 0)
target_position = Vector3(0, -5, 0)
collision_mask = 4

[node name="RayCast3D5" type="RayCast3D" parent="NavCasts/z2"]
transform = Transform3D(1, 0, 0, 0, 0.5, -0.866025, 0, 0.866025, 0.5, 0, 0, 0)
target_position = Vector3(0, -5, 0)
collision_mask = 4

[node name="RayCast3D6" type="RayCast3D" parent="NavCasts/z2"]
transform = Transform3D(1, 0, 0, 0, 0.258819, -0.965926, 0, 0.965926, 0.258819, 0, 0, 0)
target_position = Vector3(0, -5, 0)
collision_mask = 4

[node name="RayCast3D7" type="RayCast3D" parent="NavCasts/z2"]
transform = Transform3D(1, 0, 0, 0, 1.49012e-08, -1, 0, 1, 1.49012e-08, 0, 0, 0)
target_position = Vector3(0, -5, 0)
collision_mask = 4

[node name="RayCast3D8" type="RayCast3D" parent="NavCasts/z2"]
transform = Transform3D(1, 0, 0, 0, -0.258819, -0.965926, 0, 0.965926, -0.258819, 0, 0, 0)
target_position = Vector3(0, -5, 0)
collision_mask = 4

[node name="RayCast3D9" type="RayCast3D" parent="NavCasts/z2"]
transform = Transform3D(1, 0, 0, 0, -0.5, -0.866025, 0, 0.866025, -0.5, 0, 0, 0)
target_position = Vector3(0, -5, 0)
collision_mask = 4

[node name="RayCast3D10" type="RayCast3D" parent="NavCasts/z2"]
transform = Transform3D(1, 0, 0, 0, -0.707107, -0.707107, 0, 0.707107, -0.707107, 0, 0, 0)
target_position = Vector3(0, -5, 0)
collision_mask = 4

[node name="RayCast3D11" type="RayCast3D" parent="NavCasts/z2"]
transform = Transform3D(1, 0, 0, 0, -0.866025, -0.5, 0, 0.5, -0.866025, 0, 0, 0)
target_position = Vector3(0, -5, 0)
collision_mask = 4

[node name="RayCast3D12" type="RayCast3D" parent="NavCasts/z2"]
transform = Transform3D(1, 0, 0, 0, -0.965925, -0.258819, 0, 0.258819, -0.965925, 0, 0, 0)
